12
15971 16255 6754 8764 11465 0
1370 971 1496 168 1021 553 1015 1182 0
2376 1997 3113 2982 3455 990 2391 1273 3865 928 1849 3385 263 0
332 544 622 688 208 401 681 970 853 39 46 0
324 860 83 708 209 781 1835 514 446 1703 784 1448 0
705 948 917 738 351 480 214 739 544 300 0
593 549 916 589 2 814 638 340 332 738 556 578 88 271 958 0
93 237 103 71 53 54 231 55 76 205 47 230 0
66 243 976 923 987 631 996 0
65 186 54 197 99 206 204 115 208 10 0
786 2982 570 1432 453 3820 3080 2563 503 405 2677 3852 2264 958 312 0
1021 4676 2719 7754 538 5695 5434 7058 6464 3196 7416 1386 2233 0