24
294464061 1618900099
2047080919 833457082
1803206769 874747190
1445607639 508190987
1847881105 1056626414
1312377703 582840681
939058329 1506559309
959035004 1021614624
2036128032 833518790
130216145 1508449418
806993766 918162471
1961761235 907658539
1005174610 2021577589
2010909576 1075132066
1966787859 2137033853
1940459857 9752699
63571392 1389073013
441519556 1235916251
1389127515 1000444625
648292445 2108791053
1508140932 1085569801
1000895612 1946508085
17677756 57987355
1900772662 1947268505