15
1343172118197190792578750244364655512769497592664280789098578949032851734178642763891810536882491709396961194463386647005135217509904680325466274697080777803057051246741824115181280325156445346
9663391306290450775010025392525829059713
7778742049
627857220806284678880873949234269879175928478654445365367068384580328371428482774632786635818391504739299880032972750991552462995608749654714717933624094975299929258384571771940031
33449372971981195681356806732944396691005381570580873
48558529144435440119720805669229197641
522002106210068326179680117059857997559804836265
64202014863723094126901777428873111802307548623680
15635695580168194910579363790217849593217
9809463517264670023038788649658295091956272699959366635620342487725314342549664567
16873133642056375905587710582599649871950164914626667247549740605066847393904820916710717780724785740147644757432744668969451486247747335959167429000482522247
5272493449209568587646043973612216714255778679494571578509044290696557106323
26925748508234281076009
13180872826374098837632191485015125807374171
970066202977562212558683426760773016559904631977220423547980211057068777324159443678590358026859129109599109446646966713225742014317926940054191330